,0,1,2,3,4,5,6,7,8,9,10,11,12,13,14,15,16,17,18,19,20,21,22,23,24,25,26,27,28,29,30,31,32,33,34,35,36,37,38,39,40,41,42,43,44,45,46,47,48,49,50,51,52,53,54,55,56,57,58,59,60,61,62,63,64,65,66,67,68,69,70,71,72,73,74,75,76,77,78,79,80,81,82,83,84,85,86,87,88,89,90,91,92,93,94,95,96,97,98,99,100,101,102,103,104,105,106,107,108
0,0.9999998658895493,0.43835504760362876,0.2505872761681776,0.22011681443153805,0.2841261735530777,0.370576952594352,0.23387992202957475,0.2712291035201621,0.31115439670633627,0.244943597520907,0.2068145051668188,0.2633409352192768,0.24491236127870153,0.22579692217472264,0.5318394810107471,0.3655870061278377,0.3190429074848895,0.28064311076755205,0.2553701273775149,0.27709063293759945,0.24040839108073572,0.3123753582864038,0.25388877970935564,0.20938333508497475,0.32998121165192673,0.3154595025774428,0.2640894473455757,0.2287776946837443,0.24480711672607006,0.2701851588053065,0.48717560091154055,0.2665756639145421,0.24404436754212736,0.33722303916507235,0.31576385989238837,0.3111637748408054,0.2720400341857143,0.4699242262826882,0.20977922577491273,0.24782410452739098,0.47397157217660785,0.2540824108255097,0.24889324211349007,0.2746377772082874,0.2570539767864216,0.6117004238110304,0.5024661407489887,0.37271633789182124,0.19666986714721366,0.24682082852991807,0.23635783261997656,0.2330695803997318,0.47441124204844776,0.44283455083896817,0.23529830546773858,0.2643174084385013,0.3967081764983237,0.2746685615809895,0.18799675353087336,0.2081213858006376,0.2563667995243441,0.22957177265409684,0.20396540263575186,0.3112873550065088,0.2007019861599333,0.3385844967634324,0.40673261980134784,0.2579330621512475,0.21372475206615035,0.4343845622454724,0.2775455028670768,0.2825723906885903,0.27994099517711024,0.24981300382330568,0.23162609404893647,0.1583899610872518,0.2964661692181003,0.2433778779761912,0.2221769370052514,0.18816020189878144,0.26467704326648794,0.23938176841127828,0.30832378694914253,0.22171328213283503,0.2622876873497101,0.26865941816611794,0.4804796850591815,0.25701051474956416,0.22090741131053448,0.4501734365383651,0.2519652204863001,0.3186715040212459,0.24098752975544938,0.4791531583276358,0.24503015331061587,0.3331423071707259,0.28236224857389575,0.29267065483649873,0.25909924449382915,0.37516929361824297,0.3485166342894429,0.23472819661072747,0.25260939153933926,0.20557025892614034,0.3165266659515622,0.2682181922859763,0.14957984784263006,0.12107720794055968,0.1999869234242704
1,0.43835504760362876,0.9999999552965163,0.20828082051751992,0.24697690009402226,0.2579636842947923,0.3736973694168817,0.20140127271340832,0.24876786960014877,0.21148769039584087,0.24605075499349563,0.18555646168713824,0.23673063625764262,0.19201557684603007,0.19558488527546644,0.47133820659273906,0.2523975220525691,0.293389553341846,0.19401551947611337,0.23769959112452055,0.3819283505488222,0.2243507498744757,0.2544924232669549,0.26461463143719044,0.22178050547781816,0.23493511288971447,0.1783971139049689,0.4071344910047713,0.2109291160145926,0.35645005355103243,0.2217636514687674,0.406114059603423,0.2736209941652159,0.20760829791077573,0.21358113305558996,0.25534249211378457,0.2359697961695881,0.24326502021151628,0.4626992779501487,0.22728312526072508,0.20687677486014114,0.40533297306384575,0.23694538266440907,0.25600927253447286,0.23323662333836148,0.2039437609672616,0.49520465000981384,0.41689345464747,0.3851858071266412,0.21567828309637846,0.21725644251741072,0.2195599708434,0.22899132288710214,0.4156962042005332,0.329892325616575,0.19134893703545414,0.3479743360817916,0.35724810932645923,0.21816650197136137,0.2013458574761334,0.1760574432880148,0.20147460895965327,0.24300483097319736,0.1758723355979032,0.18464859223244648,0.24864789673502247,0.2950083949216259,0.35755417713959753,0.19379221418456702,0.16392485657060368,0.35297798515623213,0.4094208732932632,0.39080457791000356,0.1923050591349517,0.20496894613709413,0.22410213236516544,0.13653251658099652,0.24992035137394583,0.24278314177926077,0.18180312804950388,0.18400551589400294,0.23210241241193103,0.21737933880371518,0.2216739527439961,0.21993632093283533,0.22383047220044355,0.4045219200916663,0.4536453604845466,0.19754330556553754,0.21224282972122036,0.3981024418869161,0.2798281697899003,0.24595335708766972,0.14722147610018244,0.4494438082742528,0.17830571151353508,0.2543141462025408,0.4236024431712782,0.2716491447841986,0.37889471356345583,0.36289235595038216,0.3637299731776492,0.21263446579972756,0.26219813991358343,0.21575170731740925,0.222431406097244,0.15901863754755424,0.14968845946276937,0.12671576693007452,0.18069351538971845
2,0.2505872761681776,0.20828082051751992,1.0000000298023224,0.20457835469401686,0.21780356921571842,0.24112843588154648,0.27112102635878244,0.28472747904183626,0.282931229510949,0.23188335725049627,0.21003457057623445,0.2422443095069312,0.24630296671970411,0.21685583470039085,0.25151048086879935,0.2456848993602366,0.20396802142614376,0.5217054313544511,0.39224619945501826,0.24237712264638123,0.21234943063294967,0.21716344652982011,0.22898230416898732,0.21469131177628986,0.24267529914532446,0.20585488106172922,0.2370449884897269,0.2444224659962944,0.24027110511252842,0.25123961140997075,0.21642069175534057,0.3117393107596571,0.2494394790527601,0.2109974027728776,0.23199595344933402,0.24455578919839124,0.3877776512802721,0.20597303617545634,0.19375052788019428,0.4956544349045028,0.21430534604473445,0.21555339817664404,0.190236875365538,0.21892557623001227,0.2926229771345243,0.3072011630127587,0.22109521970008886,0.2378318777705107,0.18053110201113803,0.23523632010675968,0.20696311782897103,0.21646061332640343,0.20892755116512524,0.3281476539120911,0.1928842947766747,0.3478037268942082,0.214107367309283,0.23115733264733618,0.15383207959302408,0.17204114830772416,0.43435924242524854,0.19248401865594944,0.23217476791043096,0.23905655602215747,0.1832417731517647,0.2454339794328142,0.16917349662052802,0.19545154815775406,0.2048189886306314,0.24546922804100876,0.29427486659256014,0.2397998945070819,0.24245014853148564,0.21909087404198155,0.22109333268971756,0.4514100016695665,0.22211336092899425,0.21534855310319537,0.1900868121483223,0.5031144944329703,0.1834779950761217,0.21206893950162387,0.243609778584698,0.2067728692034941,0.4629732492588593,0.2443313561559941,0.232120207458249,0.654977643909394,0.5726368392345849,0.2884497311666766,0.2237728174303729,0.21344971686029515,0.35769300263213627,0.31018684729950996,0.24291458199153024,0.22711455692360533,0.23582030785659208,0.22154519274045664,0.23820386661843237,0.23840143783250142,0.21437523871319963,0.2114575662596236,0.2265396209508438,0.21656723171073633,0.21287440256087015,0.18916381456034215,0.34660353809016997,0.2215618088648306,0.12977339581102532
3,0.22011681443153805,0.24697690009402226,0.20457835469401686,0.999999910593033,0.2866415524449588,0.41833246026792736,0.20204892143399095,0.1921025397466427,0.19133773840809692,0.2025746709502394,0.17605573400758698,0.20609041300789027,0.19379141191302637,0.1794079930367999,0.21850219795714088,0.25158978993272196,0.2936084373834844,0.1914798213138298,0.2592071503768494,0.18958039600763832,0.21568821051098588,0.3049894023852344,0.3167396334288471,0.193941487249014,0.224435822400772,0.1673743047383965,0.2241275727732466,0.2317663386429459,0.24752929448544253,0.19295042972523577,0.2088019034157009,0.4453171428224144,0.19828228192244607,0.2375420195677077,0.4083317133646404,0.2538539602256909,0.1935316779140009,0.2342423485581003,0.5025819427212016,0.19035475270900773,0.189751627701623,0.2237084692420704,0.2987117327276142,0.26444057295990364,0.16726136609772654,0.22876727317967482,0.2115067351000363,0.270954751987189,0.5018021571740352,0.2563418063656239,0.29200803530885566,0.1991367597167004,0.20994052990026327,0.2017619748392867,0.1845101357349331,0.25310199158831187,0.3554986721044433,0.24156787738664173,0.5068072432151525,0.15554257732312773,0.16855531692639333,0.5124797453444835,0.16151126598849025,0.1598565479464835,0.31260587220184083,0.19686963411457653,0.1575248144558155,0.18505191405517105,0.16904602603604305,0.19351863888907256,0.22455994299620904,0.20509128806023785,0.20593975864653688,0.2067667977167271,0.2664860496597964,0.1412918794812406,0.27394248863132215,0.24018258477744897,0.15036304223354782,0.18705097036866145,0.2548125870350544,0.25646019347359883,0.15684066371184874,0.5003615210863577,0.2075627666651094,0.17865372646563685,0.32433421249483285,0.20165900605221018,0.19170941797960106,0.20648938820915783,0.1929973643607851,0.3119151470342092,0.1643880537729159,0.198049077010772,0.16100361959581477,0.25595677881161666,0.19573831693300722,0.42338002595341573,0.3047672450665282,0.20029846484559552,0.42793104614757427,0.20894286241080642,0.324762900757008,0.19403642525334805,0.2028475421869486,0.15167523680774375,0.21923601624260042,0.19506826710371258,0.2736500881183776
4,0.2841261735530777,0.2579636842947923,0.21780356921571842,0.2866415524449588,1.0000000894069672,0.28118953127984214,0.22857841918695546,0.2649144620416895,0.3042993441881266,0.5008341696801227,0.3721083442867581,0.22646584571005882,0.4439335952348288,0.43425795459682,0.26087505853362025,0.4151353275297449,0.3651164930351403,0.24971853330368574,0.3314356895600538,0.22232965697196982,0.2354477006670446,0.3329230975122629,0.3769256553769412,0.4770759324978133,0.36879959419576114,0.29263900220487454,0.25343187478590723,0.31535484371379224,0.3155115951509427,0.26044672702334987,0.24693371170061154,0.2198338077878236,0.23348405990292526,0.35536712605529464,0.3346323177761785,0.3403862223014753,0.3410658903739717,0.23858593167193176,0.24658051387688884,0.24171344734989567,0.22927172750416813,0.4694781698576207,0.3330084371530222,0.3788825155449689,0.2473104843788304,0.2884596871468513,0.22553458255045675,0.3066041742880118,0.23395809384493627,0.34715678350932644,0.37200763763438943,0.49333460301739446,0.2097195648064344,0.31221735849827226,0.21694742870910147,0.3080224824558973,0.37542440956058376,0.34851488281848564,0.22197884983939975,0.3265108085076073,0.2501073632490032,0.2632085746241272,0.18833709967070392,0.30563553365293167,0.34441656262062065,0.24191672083169083,0.2169681943070364,0.36663072388936235,0.3233370836578358,0.3676514187390453,0.25642913096052805,0.2411287977887358,0.4049376065456743,0.29713578437805566,0.34857578647539783,0.18501125363592244,0.49166505056192483,0.33983345194438125,0.4149625133226209,0.21231001734366084,0.3460729747771055,0.4007833882466514,0.28157077945608533,0.26929512265857436,0.2662410566819856,0.22004280703921741,0.28711747019769174,0.2182812675280138,0.22485350702265025,0.23765589819388433,0.30197843992145856,0.3114482981414694,0.23028934409932694,0.21892887511054648,0.24128752534651834,0.36080527873601453,0.22928818506466014,0.36719328995526523,0.2589800321509758,0.3280556176841276,0.27543604705096025,0.22962394068512731,0.3749687831311524,0.4775057218615788,0.3552931492377309,0.2571699381374831,0.302589394881711,0.2781403316784814,0.27257046216291364
5,0.370576952594352,0.3736973694168817,0.24112843588154648,0.41833246026792736,0.28118953127984214,1.0000000298023224,0.22394721829511885,0.2523817984026399,0.2608937863709133,0.23506887456646658,0.21166621786908085,0.2449116894274413,0.24617805594288572,0.22599362843064386,0.3685103080584785,0.3004892447235285,0.2851931835132919,0.25864376692955876,0.23414045923444748,0.3058191193668563,0.4196549103949515,0.3841262820136092,0.26977614341639705,0.20775697815995908,0.2924167582590911,0.30124516118295797,0.3200179012154989,0.24659749792305719,0.30778934965435545,0.26552622358391753,0.3410569046487027,0.42013520712043195,0.23603495425071636,0.33255174885515215,0.4330624358750506,0.3319994164249399,0.261093914558807,0.35870698765886216,0.39048805875127474,0.23368344437320787,0.31873918603502216,0.2652908285676655,0.3221079305657378,0.2665700166613279,0.24875552483144475,0.38497600408577926,0.3371206566630246,0.37631831202856264,0.40379144583324506,0.2239358033239426,0.28022727931953534,0.2336390083298034,0.31596452355088545,0.3201346131513127,0.37462327369628023,0.32320165916085,0.35936593984059717,0.3089818772350219,0.3987359719145692,0.19116864737801004,0.22923405782274284,0.4189956054640064,0.19208649592358112,0.23733589039284256,0.2443231798075498,0.2854990271279997,0.3017299511085798,0.23546576589817383,0.3134299075665471,0.35060148323542495,0.3364149403198906,0.3087047016161675,0.2558183816477637,0.3967155635872639,0.23216252191541914,0.16648900274264136,0.3456418966132056,0.3658867553434009,0.2716074223083334,0.20595437633416142,0.3389467643679148,0.2720179130795702,0.21647163425394603,0.39992962685007005,0.248728150095186,0.28415445168724235,0.3932079953091618,0.2426254196670866,0.22600265659076882,0.3187456420899535,0.219179739020947,0.4022812080899557,0.22485425887970134,0.3531547481886538,0.2225830690245007,0.2807272947280456,0.30633016996383844,0.41035840384495625,0.38465754606796626,0.29560705019942346,0.6789423920525157,0.40847099905844153,0.27198693297380133,0.20393153206640813,0.2674868929592531,0.2939249553286135,0.2140038672318733,0.19675450719841606,0.3033295201092029
6,0.23387992202957475,0.20140127271340832,0.27112102635878244,0.20204892143399095,0.22857841918695546,0.22394721829511885,1.0000002086162567,0.5589615099026799,0.2317082390904572,0.22141239480750494,0.2157425444485976,0.6021097170789032,0.22301753504130203,0.22124609917137797,0.23004490879574596,0.25356852775533884,0.1821947295541196,0.5047568115939851,0.32340601745151554,0.21437016589763958,0.2108288068752596,0.21055619376115853,0.2189209026124219,0.21990237540796734,0.21936661221929177,0.19640464359257903,0.21523490190227113,0.5525899989294416,0.23098024018604366,0.5640422121859724,0.2307335862660262,0.18703567518587477,0.6361124708833634,0.24307120194831222,0.2629696368893736,0.33231562621798644,0.3173320089872748,0.22859949261030782,0.2254840955395458,0.2995364809795379,0.2246698775414397,0.24127685763027806,0.19013984066083045,0.21267134949858194,0.504721417648164,0.2560359955062555,0.3266556556673305,0.25562441778540274,0.2204037416892725,0.218974617179332,0.1919989231361648,0.24507811258650403,0.20646226362348427,0.38303374975648014,0.2082842715086465,0.2205216900675722,0.25787278997236096,0.21367423072089323,0.18979873875631265,0.19590934845187422,0.21158030634503572,0.21843840936150855,0.5662685508276212,0.19398752641057815,0.18772056102699242,0.5078005363886653,0.1481530983005683,0.2321353385101396,0.2138450651238736,0.2190183812108805,0.21752423207368682,0.24507950882688317,0.25035349747255387,0.22582235403907802,0.1891616509203891,0.17412403436804866,0.2601904840767689,0.2088717836030603,0.19666601256535876,0.2094980608196208,0.1961813359657316,0.2047834732712922,0.2099162358069842,0.22678112144129522,0.205723532787341,0.22248312125094583,0.2373871349293006,0.2947844819609196,0.22030990555787133,0.21998849864764294,0.22517615198726654,0.23546790712169702,0.14544795573915853,0.21531418962221102,0.5751800588530436,0.2704627587573924,0.2177123623202356,0.2606484061170727,0.2465059605485546,0.2745847492040712,0.19320898657915778,0.21053671631815832,0.20908482229203293,0.22066481480611885,0.20473680320139528,0.18639560254003276,0.19459083683511808,0.115158741394117,0.12573180096348538
7,0.2712291035201621,0.24876786960014877,0.28472747904183626,0.1921025397466427,0.2649144620416895,0.2523817984026399,0.5589615099026799,1.0000000596046448,0.2545670135347256,0.24434992985528756,0.24343665015822333,0.5239260238238302,0.2401854802990984,0.24190130083674738,0.2886115399895559,0.3034318152413223,0.217412284394663,0.5102443247346646,0.32832395509545115,0.2652563684542415,0.23505537073673788,0.26292552848008555,0.2318542695791543,0.2555824841434776,0.24044132454481035,0.21758190774270003,0.24996151056306148,0.5826633793248965,0.2543589594843845,0.5304588182520487,0.28887053498589776,0.1979050287003077,0.5398520871988693,0.22897919927717525,0.26485773096458226,0.3353268639384105,0.383404498897451,0.2432556593017158,0.2192682723568025,0.32589940629004704,0.27315266407186345,0.2768084628964181,0.2115273338648899,0.2264365250162222,0.48933979007922684,0.2776645421354523,0.3160295505297043,0.27423827735560724,0.19219547919909083,0.21132737527140324,0.20847493999558928,0.2766237844056531,0.22402990726671118,0.4055247148349858,0.22647642555926945,0.29327230858704145,0.25363667023280767,0.22483151591589007,0.17929405729216552,0.23944053928932668,0.2581132497623094,0.2359314019666281,0.5039357994965307,0.22813198912545282,0.19534225593970378,0.5142425390908166,0.18550190082553827,0.2781405429441229,0.22439346371943555,0.26161546205607916,0.2701969916863514,0.28492631087374753,0.26355019059684986,0.24573394141932012,0.19503973255362306,0.1957745410273894,0.2715074458192341,0.2428296017179196,0.21553836083704397,0.25020219242138,0.20311925932605104,0.20997281412835417,0.20534493416307298,0.2244821630184754,0.26568188569687834,0.2634357564314048,0.29262649056324946,0.3355770336810907,0.25703267683679043,0.24597426791993227,0.24079766109769343,0.2689310323708239,0.1863525354999697,0.26101709915287913,0.5770142265471813,0.2727735406114323,0.2494147122630001,0.25618625665623806,0.26518630736546556,0.2839630691526691,0.22398773415972328,0.2216295777819773,0.2241258491886266,0.2511165751547319,0.2241267834018805,0.18792952653822206,0.2052707584771564,0.113194444059007,0.13742229695107527
8,0.31115439670633627,0.21148769039584087,0.282931229510949,0.19133773840809692,0.3042993441881266,0.2608937863709133,0.2317082390904572,0.2545670135347256,0.9999999701976776,0.2776126829755713,0.20466393035803734,0.2171901917798951,0.30013255967073393,0.23454391750891357,0.23695040542102025,0.44783509652416587,0.19281348893421893,0.33196431419850647,0.24995043407555548,0.2181375595286434,0.21506669173921594,0.4718950077324889,0.2079520016709589,0.22118169180252215,0.5267340872479253,0.4689968112385756,0.2271870281400915,0.2228220717503327,0.24955823353081605,0.3212813615661794,0.22001816559544055,0.18664164377226933,0.2260220045023544,0.4358053567352841,0.395656325827191,0.4520704146617856,0.2922810197072957,0.212385532353725,0.17904313845189485,0.25077696860953513,0.20344906567759657,0.2674925866483818,0.24875594231001555,0.33583474570555405,0.35504576742928173,0.33156154494411255,0.21762891265620876,0.3147870896259075,0.18231403159677564,0.2226290030881548,0.2541515365040831,0.23964730227368763,0.18584429347100828,0.44732639879541014,0.2030445012643986,0.23238954555023747,0.2537164940625099,0.26651625219766173,0.15331410559716832,0.21636882949286473,0.3522265883720789,0.1935981889055394,0.20236554121883382,0.4823503829951008,0.19123222877643983,0.21991129097404288,0.2831322036004788,0.24294961578961155,0.21352112607944165,0.3319428041993476,0.22982709127908296,0.2448930607064855,0.4246189553139015,0.24511038094018922,0.2522222196757159,0.1938352280368486,0.38058121631496944,0.22927223360734705,0.27990025983036615,0.24771666423570804,0.23285684745529,0.22424079442983025,0.4596587828916932,0.20651343880319664,0.36006467440639456,0.2170758901484415,0.24389386237916574,0.3395666413970711,0.2815112495477068,0.1971702847098139,0.2479059652689938,0.4390717684271943,0.37386444712893296,0.26451581519818956,0.2814670687502552,0.4561912875441125,0.21900832246677565,0.3580762357020704,0.20922531002753417,0.41648723025955015,0.2802885856344606,0.19928924232127326,0.2064374694113527,0.2252497219768169,0.5603951701445554,0.4232604694345482,0.20546222096102693,0.13836319323936913,0.1871713775177234
9,0.244943597520907,0.24605075499349563,0.23188335725049627,0.2025746709502394,0.5008341696801227,0.23506887456646658,0.22141239480750494,0.24434992985528756,0.2776126829755713,1.0000000596046448,0.2825507765636568,0.21105450761433836,0.47941523249794726,0.5311754936377633,0.23617478471845474,0.30238517221249106,0.2562031886984383,0.2439337516216695,0.24740828182270333,0.2576855189848317,0.2181707817845994,0.251909954133051,0.22568058175625313,0.6067529434045341,0.3224892824462691,0.24310362623068718,0.27476343895837796,0.2837875833930712,0.25883351267670474,0.23142355274361143,0.21378131283141044,0.16778403758732915,0.25093226904235905,0.24426783127678103,0.30908603173795407,0.31053824415015335,0.31260833483064665,0.2228673886454088,0.18113927688491957,0.22543688816107976,0.19200724791219514,0.5216231936498766,0.1938599339300835,0.2456073455412683,0.21289472159236783,0.2839165821957276,0.19086710748828797,0.3112071554012464,0.17297382817308665,0.2265284691809723,0.20171519825849965,0.5806367604778693,0.18225173022403723,0.2891280212954491,0.20614508466488565,0.24405293825786317,0.2326572434983778,0.2519391782239892,0.16836391716904195,0.18481271051372283,0.23359478400717465,0.1786610160098284,0.2038308349176379,0.25580391597030183,0.21641653527117544,0.22166988214484012,0.16294777348891332,0.2283040628185145,0.2051242476252502,0.3012500490254156,0.26646503471800276,0.275083405765417,0.3497979690941246,0.3025718267700773,0.23895182706056367,0.190463067682308,0.38115973337248177,0.22160183526345104,0.4152671876268662,0.2037962839750038,0.2125308608552599,0.23119236639239643,0.2431498604121965,0.21240669332713116,0.24854323587805222,0.24832884961098667,0.2379899612668347,0.23176654179796408,0.19253230453217896,0.20588876860677197,0.2599621543696392,0.252234474504531,0.19890384659159116,0.2187476050101245,0.2223348963787449,0.2582294571389523,0.25139385152169097,0.3044692924955462,0.2618044187912289,0.2532545592133328,0.21367586912793624,0.2132613711002296,0.21899707360847284,0.6086455523084275,0.2960615232005956,0.21082996872379145,0.20375030215631484,0.11437237798950473,0.13918077000508208
10,0.2068145051668188,0.18555646168713824,0.21003457057623445,0.17605573400758698,0.3721083442867581,0.21166621786908085,0.2157425444485976,0.24343665015822333,0.20466393035803734,0.2825507765636568,1.0000000596046448,0.2071595585930917,0.2780378329302422,0.2856347301550569,0.2101834489360395,0.25044332080655823,0.1913017514867239,0.206708332626024,0.20977291593504005,0.17860988203021605,0.19945934073725635,0.2021671728129002,0.20941941831009916,0.3241420394102509,0.23062643835746904,0.19632620214107568,0.21353784210964932,0.25724337223328925,0.19321658011146792,0.19988298847283129,0.2016830293605915,0.15527391229162674,0.21659661702533445,0.2338034075837316,0.22072025790798647,0.23004712720413206,0.2376478630448662,0.18274138351183694,0.20403261218714008,0.18549884433120067,0.19769951946441927,0.31147111379464243,0.18493480494126557,0.20928344351807165,0.19207050612118814,0.2067865488243296,0.1815958624050055,0.20638335522506812,0.1700735264264545,0.19703648225008089,0.2204032807538305,0.34108049495819825,0.16772765497196987,0.24518682825260144,0.19895668335949018,0.20444500842956578,0.28049058686411366,0.2094677854405409,0.16875848788096806,0.6255912509992412,0.1730538074198233,0.19473812831138929,0.17728903318236755,0.19280281202732202,0.17843092892026668,0.20322042767472548,0.13789145545428097,0.5875923743771688,0.4533816670111274,0.36324057789113057,0.20148455495794051,0.18651346706302868,0.25073192456772186,0.22005920061505455,0.16019883894221532,0.1372290487715779,0.2561641881382285,0.22836892646331125,0.3205985811733775,0.16278185272580867,0.25988798454542733,0.3036041145325783,0.15867780508748772,0.17100875070675628,0.18285817918373445,0.18572076405661828,0.19708761661587007,0.18722170183783754,0.19878267178298206,0.16949363340346135,0.1393914207210878,0.19082994442849158,0.13976018678757396,0.17296759498059575,0.21256752147486052,0.1956981568827295,0.17450815820617208,0.21826927472931584,0.21485942109416512,0.19985701008671888,0.20200607955215572,0.19268225348241785,0.1967458203321727,0.32908221051830416,0.20701533795283392,0.1615366948272174,0.26670392402214493,0.21715900693905407,0.3273272223685397
11,0.2633409352192768,0.23673063625764262,0.2422443095069312,0.20609041300789027,0.22646584571005882,0.2449116894274413,0.6021097170789032,0.5239260238238302,0.2171901917798951,0.21105450761433836,0.2071595585930917,0.9999999403953553,0.19696872117081204,0.2015243802799842,0.2875959233334561,0.26803410188244375,0.23110305465520536,0.4680152058295043,0.31689835726953974,0.24517375142383935,0.22317702727331545,0.23159438107938435,0.24075934611580813,0.21124463681938524,0.2438852107717285,0.19629244391213424,0.2287543343990227,0.5215912006477275,0.24564681497451532,0.5292970318951953,0.26554187691423614,0.16713832975496637,0.5787424136257127,0.2343222380922021,0.23720670455932932,0.30448627645094645,0.3157790189336463,0.23568844198103792,0.19697747836621712,0.2915755207349523,0.2716547072090886,0.22074308829788936,0.23074633629668478,0.23083413113417037,0.5322100169074003,0.25597652378397867,0.2969793755332835,0.25202738919247936,0.19502326849536017,0.23129686741361097,0.23158884163833668,0.23265374308234946,0.24883557681629775,0.38541661263506954,0.18520721715019967,0.24308186158253106,0.2543159606501437,0.21280689900510905,0.16160185833712454,0.2065985094285449,0.20347566389813174,0.20585227163744033,0.5244626233601176,0.19291556489724318,0.20844008002548609,0.5038177639609578,0.1897742361167455,0.22175025997961956,0.20812700900286557,0.21920691551997296,0.23664190128821186,0.2532844158204186,0.23825541517481466,0.23128712675119148,0.20707210328351267,0.14058655287285857,0.26379034237999077,0.23063005226827643,0.18193595485894232,0.1778035379088665,0.21023712291272417,0.22253062992292574,0.18819180542104239,0.20801892295691674,0.2233431770064952,0.2479317870826842,0.25893443651505527,0.290255889177125,0.21829390399472584,0.2444313644514548,0.25786258889143765,0.2403984267754887,0.15255130818450585,0.25530614705477006,0.5623525233405176,0.3283977185574314,0.23160958710365204,0.23852482872979824,0.24321524456299579,0.29454051195490094,0.20386236785497408,0.22104648545028474,0.23685096364371108,0.20694532587318262,0.23194908220215044,0.17161088098558672,0.19517074178384541,0.12348698604126936,0.13106041786754793
12,0.24491236127870153,0.19201557684603007,0.24630296671970411,0.19379141191302637,0.4439335952348288,0.24617805594288572,0.22301753504130203,0.2401854802990984,0.30013255967073393,0.47941523249794726,0.2780378329302422,0.19696872117081204,1.0000000894069672,0.48780802267624146,0.19568055186602729,0.3345642550056535,0.23899247301368556,0.26553120652676176,0.23407636499489923,0.20850150142164908,0.22883820386529583,0.27719294407796036,0.2017644182772194,0.4967132270596359,0.3160204579580258,0.2832016092662119,0.2005294321192847,0.26970345374414795,0.19019200132707734,0.2353159606705144,0.1945325383378809,0.17513771556668675,0.20880720154091392,0.29135135770738385,0.29825234069308926,0.3240481603337533,0.3392648499154538,0.1769522347110753,0.1775956447039111,0.23629680049497118,0.18438975814128872,0.4908993643815471,0.19934671861495273,0.23353631792856572,0.23748481898960294,0.26048365299564075,0.19448319181423718,0.2824930917244687,0.16152766033727078,0.1962681584723298,0.20444381651120816,0.4927792940234491,0.16361879929698261,0.2998362665653015,0.2398138741742852,0.22331568171228866,0.21572219844478563,0.23483090023283423,0.15298721735233803,0.20851913883101036,0.261362471165029,0.18554410345273323,0.182797708251866,0.3086614712775657,0.1771046968337815,0.21360456706022218,0.20700888718046923,0.23736423744134433,0.23984812344990325,0.3168280119099757,0.22114517177230478,0.22002883787228616,0.37692092471744987,0.3227953991434014,0.19506389088793374,0.22788113174598543,0.3821136986088316,0.2344858980762734,0.4284825417243357,0.2372094630134917,0.22197583861744924,0.22869040274101307,0.2859137037506166,0.1866978154393346,0.2681641418064722,0.2014178694765114,0.2041528495720101,0.24112259123549867,0.23241971348342022,0.1757741139578641,0.18620555113910525,0.27826000248374533,0.24250428280024683,0.20236086814888044,0.22285323712175056,0.2522726834645901,0.19336695301988255,0.30534591552637697,0.23238608798067198,0.26337521650409645,0.24129871363330688,0.21928507420439883,0.1867184322605572,0.501499815653807,0.29084843798586507,0.24893423570352047,0.23420427036646807,0.15785115844829226,0.20398750900750734
13,0.22579692217472264,0.19558488527546644,0.21685583470039085,0.1794079930367999,0.43425795459682,0.22599362843064386,0.22124609917137797,0.24190130083674738,0.23454391750891357,0.5311754936377633,0.2856347301550569,0.2015243802799842,0.48780802267624146,1.0000000596046448,0.2091719106795415,0.27895876818970067,0.23991475734416984,0.22433271731811052,0.22419150358854908,0.20626183168067877,0.22799893808429128,0.20703965060303037,0.20001633467545604,0.5190982775405942,0.2519903032256101,0.21574941814565662,0.21012182727247908,0.2889619210078033,0.19593782038678717,0.21798920584987963,0.2001706669021776,0.16056226126167672,0.21872973740487586,0.23271349731722174,0.2492974142042775,0.26801304751479493,0.2989997667599179,0.19122251388209843,0.18035969796570722,0.20332010160797667,0.18964397865090746,0.5016570962495478,0.18289427602230648,0.2186901201012412,0.18976051640928152,0.2303317971019911,0.19207657023493352,0.2505722597749478,0.14917358916813273,0.18939860640375003,0.18582636024743976,0.5818032815251402,0.16815953016560337,0.2288490979892727,0.258463724529223,0.2211766901180225,0.2110016523514137,0.22663907616692294,0.14860332759383502,0.20381316514768688,0.20067699550670579,0.17763655903151326,0.19335272642352494,0.23637873860470698,0.17723305476494033,0.23635795860244885,0.14079783559989123,0.23777961555477378,0.2512289313973057,0.29128668586099576,0.20580815022034057,0.23206665797099696,0.3143610443943774,0.3848650012831969,0.1933282257618356,0.2066066204375063,0.3667152092017963,0.24550616180034873,0.4157040129547269,0.18948886295594286,0.22558381435932365,0.22894984317486813,0.22195042771462448,0.18854992926323688,0.21433727129842103,0.20323774934182312,0.20204306863491783,0.19724556642707214,0.18638046573664557,0.18786091177934364,0.21395783009441274,0.2061536419606727,0.15246809245367135,0.19151189237738844,0.22372806519210578,0.2258406837272837,0.1943090564272809,0.2596156150808539,0.22860889216340352,0.21504010200345813,0.19606206460010667,0.22781612370411486,0.1966875503200389,0.5212923931235743,0.23063541972471147,0.20030879285158074,0.21250609622386957,0.13418310411112105,0.14863322520414562
14,0.5318394810107471,0.47133820659273906,0.25151048086879935,0.21850219795714088,0.26087505853362025,0.3685103080584785,0.23004490879574596,0.2886115399895559,0.23695040542102025,0.23617478471845474,0.2101834489360395,0.2875959233334561,0.19568055186602729,0.2091719106795415,0.9999999403953552,0.2794556306593125,0.3424854447262518,0.2623529588548007,0.2435739175518882,0.28726697931068357,0.2431701508204069,0.2660032703188495,0.26064830245940884,0.22090790888769157,0.25595257486252265,0.22011326297874445,0.2753036422563264,0.24061830379268687,0.281527982772678,0.23738388749831915,0.5794605860229334,0.2825287673198246,0.22265137464518442,0.2217855865290018,0.26018175314953196,0.23079778358241823,0.2590038697824306,0.5095221770040861,0.22236613415424464,0.25492930166615335,0.5964236810193007,0.2374951546141299,0.2576751336143659,0.24930619702821505,0.22585510608850742,0.48385737766503256,0.5093411810165308,0.3426589649227423,0.21751098208595884,0.23254985953687535,0.23403385948472644,0.23309979664216332,0.5414097340379815,0.35900185175403165,0.21167796884179624,0.2738381924755981,0.40319321606101144,0.228629465532595,0.18316434881773397,0.2134836052990537,0.2039454403254426,0.22638630242166138,0.20575545577356424,0.20724262128888446,0.1994971128468279,0.36059060829068257,0.35065445545186225,0.23867563577720624,0.2013317739274456,0.39096048188079563,0.2965976351760366,0.27784296104800715,0.20884937792660455,0.2285320051349483,0.2158916793334161,0.1460741262797963,0.24986204928555306,0.2458633374335216,0.18381370853160456,0.18029238429074163,0.23449362933217519,0.226129264060325,0.2082801789007691,0.21603624922743872,0.23597746736852288,0.2859746635209152,0.5405280730499871,0.23843420050781577,0.22010382259424904,0.49626737939029686,0.21456754996028776,0.27241034589171775,0.15948654353852001,0.47295320183628087,0.23964497582155683,0.24800630150387887,0.3079162334109005,0.22605155373610897,0.2650112205792199,0.3017546008774495,0.3317229872756326,0.22955910763401144,0.25610191045775915,0.21638007571169388,0.24333186475526264,0.19010152389683735,0.15263350870260087,0.1141056819937435,0.1669953708213732
15,0.3655870061278377,0.2523975220525691,0.2456848993602366,0.25158978993272196,0.4151353275297449,0.3004892447235285,0.25356852775533884,0.3034318152413223,0.44783509652416587,0.30238517221249106,0.25044332080655823,0.26803410188244375,0.3345642550056535,0.27895876818970067,0.2794556306593125,1.0000000298023224,0.3363038734800232,0.3426541720629688,0.37489812909794434,0.25271697108927427,0.26366222766367214,0.5048098100574784,0.3896116992111643,0.2846742552618841,0.4942845387927891,0.45556619118395647,0.2737835328226129,0.2981068050663656,0.34244119062820016,0.3792121372925549,0.26812907253451834,0.19751509349933885,0.260136773126089,0.4742724819532176,0.4084046604177656,0.4970079333260333,0.36107991108936277,0.25050263943911616,0.22324702116564948,0.23444307763180267,0.252068493435863,0.3329456951064572,0.3934016215873528,0.45189142632754054,0.37339355149179654,0.35872039578364356,0.26530922445292754,0.361501773280024,0.21808501463292562,0.3757089802029198,0.43805771023602036,0.30201015906045287,0.21664428859555798,0.49281513497782653,0.24348021153037477,0.3627994394039649,0.38643411581668097,0.3882259263012409,0.19567388497365393,0.2734644062919317,0.3598562677032554,0.26391845300192074,0.2132672439717867,0.44927901044538976,0.3451011387155411,0.2765556965944501,0.36520728487841736,0.30936282437310597,0.25070632707164586,0.417939419329583,0.27079430365831936,0.25292949261618464,0.48838470230457703,0.30096181065067507,0.3729998417005623,0.17452344443437762,0.5066273753507142,0.3395428495121486,0.2997355818213093,0.21341467138805673,0.32979107201724334,0.3675788137695857,0.44433443238059905,0.241108432722623,0.3775526031205214,0.26070067091386967,0.3111100280472701,0.2958673477724769,0.2455806934931694,0.26530799996521115,0.3307264234598343,0.48687937496863465,0.3614135220832113,0.2851706469220453,0.2957139094806528,0.5385336902312143,0.2542167103810856,0.38914558881747685,0.25888581776726394,0.47817083696338036,0.29047080339095205,0.2449403274294133,0.39108209387497944,0.28003117786789444,0.47953112077134413,0.3994225780856674,0.25794351053580755,0.2443356013870714,0.229074686065382
16,0.3190429074848895,0.293389553341846,0.20396802142614376,0.2936084373834844,0.3651164930351403,0.2851931835132919,0.1821947295541196,0.217412284394663,0.19281348893421893,0.2562031886984383,0.1913017514867239,0.23110305465520536,0.23899247301368556,0.23991475734416984,0.3424854447262518,0.3363038734800232,0.9999999701976776,0.1981153069144771,0.40494591302813177,0.21894693083381078,0.21432668097074303,0.22126868131446864,0.4410976587105991,0.24521893508222314,0.228076763873776,0.20520176198678652,0.238843210911333,0.2456473848144672,0.33746294746343974,0.18519510247325174,0.3297229633813529,0.23577490329428052,0.1923301684015771,0.20249685927045555,0.21542316750576046,0.2081386956783313,0.30759034862991197,0.3294687675748178,0.23593535848576092,0.21623441199107873,0.31100469697985605,0.2578455875297472,0.4189438904864502,0.4079378437043147,0.18757972843475035,0.308576098627547,0.29843322931682886,0.2952868246875692,0.21675403071438393,0.4452039567576209,0.4321849531641855,0.2659956119597675,0.31464575418097973,0.24060389093774948,0.1800660391950892,0.3542124909365646,0.41006936254403537,0.37395037794375996,0.20674033836256508,0.18310566162337424,0.2021241387467403,0.2546447603628278,0.1698338698176251,0.19831138264603906,0.3958628424381866,0.2372919587059823,0.262312281084887,0.1834239044074501,0.18997002389511228,0.24924334178612995,0.2443926172555082,0.20036693564332614,0.28513833324782356,0.20932531602810658,0.3972618259928018,0.1404333488580881,0.3677678422297228,0.3383187187596919,0.19989600088777898,0.15838507152531525,0.37122518340025634,0.38841011865695785,0.17632943264598408,0.22610487982203314,0.21667496364602312,0.18759351651684633,0.3598235331931996,0.2090585730229351,0.23445045930504482,0.34477471457537834,0.3324626855549677,0.21767147608117568,0.16825345633879743,0.29253228934469633,0.1873513403327596,0.33407854565306194,0.20231996059133062,0.27823935332085864,0.22753821141949065,0.26189684726269374,0.259100374667655,0.20416607072446147,0.4420276496462211,0.24377620136127992,0.22060516416852854,0.17723735869288446,0.265090250042003,0.2684974297791364,0.19537120375049483
17,0.28064311076755205,0.19401551947611337,0.5217054313544511,0.1914798213138298,0.24971853330368574,0.25864376692955876,0.5047568115939851,0.5102443247346646,0.33196431419850647,0.2439337516216695,0.206708332626024,0.4680152058295043,0.26553120652676176,0.22433271731811052,0.2623529588548007,0.3426541720629688,0.1981153069144771,1.0000000596046448,0.4192143758972021,0.25899557509236865,0.24654248941733606,0.32798888916191904,0.22243826729724847,0.20893825903983984,0.3553520943556728,0.31703279162449033,0.2307121530423591,0.470951031208182,0.2627650974968367,0.4952113477797263,0.2670176774868182,0.2565286675339111,0.49373216293357075,0.3332654362154763,0.31688175760632975,0.39288159700868286,0.4435198699210927,0.20641082886360856,0.21877206212648923,0.48442908380535554,0.22388778141683002,0.2678623524696297,0.2214151831381223,0.2671234389697114,0.5137439142074145,0.3161442194840558,0.2593906306386723,0.2777724848539759,0.18850372468074625,0.2503741301682669,0.2365766445116408,0.2288789694730896,0.2022229708745031,0.49931102481617445,0.20887422076453419,0.309741201532892,0.24060688112641895,0.27641042230690055,0.188214893837195,0.2066864518583714,0.44051285298267817,0.21569930111188595,0.47493043108472277,0.31959123959859226,0.200844744642373,0.4214432268580446,0.20547024645207482,0.2463436959904767,0.2284872760362568,0.280302855134348,0.26606004757398166,0.27226008536936014,0.3356398596399608,0.2510868707887466,0.22654885860427054,0.3566474590844041,0.3068904141142318,0.22783195928572642,0.222683098676944,0.3901276254485835,0.21249094051608985,0.21867037012471058,0.31052025220644586,0.2398765847478526,0.4426706521863702,0.23873307666525792,0.23404379959556804,0.5532503184274751,0.3914362550069079,0.26342299472764263,0.26232114429478953,0.3265671342765384,0.3801796586135451,0.28530459840031996,0.4902717668571827,0.33673077585677197,0.23214121870014098,0.29658462912928396,0.24813178221099022,0.3464770011731077,0.22913796434900757,0.24460285307451324,0.21983878266665688,0.20814238498411716,0.3265197642871335,0.2750611886985935,0.3180034380104006,0.18521470828793057,0.1405258540351376
